-92	0.186069
-92	0.187472
-92	0.188968
-92	0.190402
-92	0.191806
-92	0.19321
-92	0.194644
-92	0.196139
-92	0.197543
-92	0.198978
-92	0.200381
-92	0.201785
-92	0.203281
-92	0.204685
-92	0.206119
-92	0.207523
-61	0.208927
-59	0.21033
-62	0.211826
-60	0.21326
-61	0.214664
-61	0.216068
-61	0.217502
-60	0.218936
-60	0.22034
-67	0.221775
-92	0.223178
-92	0.224582
-92	0.226017
-92	0.227451
-92	0.228885
-91	0.230289
-92	0.231724
-92	0.233127
-92	0.234562
-92	0.235966
-91	0.2374
-92	0.238804
-92	0.240238
-92	0.241642
-92	0.243107
-92	0.244511
-91	0.245914
-92	0.247318
-92	0.248753
-92	0.250187
-92	0.251591
-92	0.252995
-88	0.254429
-92	0.255833
-92	0.257237
-91	0.258885
-92	0.260594
-92	0.261997
-92	0.263401
-92	0.264836
-92	0.266331
-92	0.267735
-92	0.269139
-92	0.270573
-92	0.271977
-92	0.273381
-92	0.274907
-92	0.27631
-92	0.277714
-92	0.279149
-92	0.280552
-92	0.282048
-91	0.283452
-92	0.284886
-92	0.28629
-92	0.287724
-91	0.28922
-92	0.290623
-91	0.292027
-92	0.293462
-92	0.294865
-92	0.2963
-92	0.297765
-92	0.299199
-92	0.300603
-92	0.302007
-92	0.303441
-92	0.304875
-92	0.30631
-92	0.307897
-91	0.309483
-92	0.31107
-92	0.312688
-92	0.314275
-92	0.315862
-92	0.317449
-92	0.319005
-92	0.320592
-92	0.322179
-92	0.323766
-92	0.325353
-88	0.32694
-92	0.328527
-92	0.330114
-92	0.331701
-92	0.333288
-92	0.334874
-91	0.336553
-92	0.33814
-92	0.339727
-92	0.341314
-91	0.342901
-92	0.344579
-92	0.346166
-92	0.347753
-92	0.34934
-92	0.350927
-92	0.352758
-92	0.35462
-92	0.356207
-92	0.357794
-92	0.359472
-92	0.361059
-92	0.362646
-92	0.364233
-92	0.36582
-91	0.367407
-91	0.368994
-92	0.370581
-92	0.372198
-92	0.373785
-92	0.375372
-92	0.376959
-92	0.378546
-92	0.380133
-92	0.38172
-91	0.383398
-92	0.384985
-92	0.386572
-92	0.388159
-92	0.389746
-92	0.391424
-92	0.393011
-92	0.394568
-92	0.396155
-92	0.397742
-91	0.39942
-91	0.401007
-92	0.402594
-92	0.404181
-91	0.405768
-92	0.407355
-93	0.408942
-92	0.410529
-92	0.412116
-92	0.413703
-92	0.415381
-92	0.416968
-92	0.418555
-92	0.420142
-92	0.421729
-92	0.423377
-92	0.424964
-92	0.426551
-92	0.428168
-92	0.429816
-92	0.431403
-92	0.43299
-92	0.434577
-92	0.436164
-92	0.437781
-92	0.439368
-92	0.440955
-92	0.442542
-92	0.444129
-92	0.445869
-92	0.447761
-92	0.449348
-93	0.450935
-92	0.452522
-92	0.45417
-92	0.455756
-92	0.457343
-92	0.458961
-92	0.460548
-92	0.462226
-92	0.463813
-92	0.4654
-92	0.466987
-92	0.468574
-90	0.470253
-90	0.471839
-92	0.473426
-92	0.475013
-93	0.476692
-92	0.478279
-92	0.479866
-92	0.481453
-92	0.48304
-92	0.484627
-92	0.486213
-92	0.487831
-92	0.489418
-92	0.491005
-92	0.492561
-92	0.494148
-91	0.495735
-92	0.497322
-92	0.498909
-92	0.500587
-92	0.502174
-92	0.503761
-92	0.505348
-92	0.506935
-92	0.508583
-92	0.51017
-92	0.511757
-92	0.513344
-92	0.514931
-92	0.516609
-92	0.518196
-92	0.519783
-92	0.52137
-92	0.522957
-92	0.524544
-92	0.526131
-92	0.527718
-92	0.529305
-92	0.530892
-92	0.53257
-92	0.534157
-92	0.535744
-91	0.537331
-92	0.538918
-92	0.54078
-92	0.542641
-92	0.544228
-92	0.545815
-93	0.547494
-92	0.549081
-92	0.550668
-92	0.552255
-92	0.553841
-92	0.55552
-92	0.557107
-92	0.558694
-92	0.560281
-92	0.561868
-92	0.563546
-92	0.565133
-92	0.56672
-92	0.568307
-92	0.569894
-92	0.571481
-92	0.573068
-92	0.574655
-92	0.576272
-92	0.577859
-91	0.579507
-92	0.581125
-92	0.582712
-92	0.584298
-92	0.585885
-92	0.587564
-92	0.589151
-91	0.590738
-92	0.592325
-92	0.593942
-92	0.595529
-92	0.597116
-92	0.598703
-92	0.60029
-93	0.601877
-92	0.603464
-92	0.605051
-92	0.606668
-91	0.608255
-92	0.609903
-92	0.611521
-92	0.613107
-92	0.614694
-92	0.616281
-92	0.61796
-92	0.619547
-92	0.621134
-92	0.622721
-89	0.624308
-92	0.625986
-92	0.627573
-92	0.62916
-92	0.630747
-92	0.632334
-92	0.634104
-92	0.635966
-89	0.637552
-91	0.639139
-91	0.640787
-92	0.642374
-92	0.643961
-92	0.645548
-92	0.647135
-92	0.648722
-92	0.650309
-92	0.651896
-92	0.653483
-91	0.65507
-91	0.656657
-92	0.658244
-92	0.659831
-92	0.661418
-91	0.663005
-92	0.664683
-92	0.66627
-92	0.667857
-91	0.669444
-91	0.671031
-92	0.672709
-92	0.674296
-92	0.675883
-92	0.67747
-92	0.679057
-90	0.680735
-92	0.682322
-92	0.683909
-92	0.685496
-92	0.687083
-92	0.688701
-92	0.690288
-92	0.691875
-92	0.693462
-92	0.695048
-91	0.696727
-92	0.698314
-92	0.699901
-91	0.701488
-91	0.703075
-92	0.704753
-92	0.70634
-92	0.707927
-92	0.709514
-92	0.711131
-92	0.712718
-91	0.714305
-92	0.715892
-93	0.717479
-92	0.719066
-92	0.720684
-92	0.722271
-92	0.723857
-92	0.725444
-92	0.727306
-91	0.729168
-91	0.730755
-92	0.732341
-92	0.733959
-92	0.735546
-92	0.737133
-92	0.73872
-92	0.740307
-92	0.741894
-92	0.743572
-92	0.745159
-92	0.746746
-92	0.748333
-92	0.74992
-91	0.751598
-92	0.753185
-93	0.754772
-92	0.756359
-92	0.757977
-91	0.759564
-92	0.761151
-92	0.762737
-92	0.764324
-92	0.765942
-92	0.767529
-92	0.769116
-92	0.770703
-92	0.77229
-92	0.773907
-91	0.775494
-92	0.777081
-92	0.778668
-92	0.780285
-91	0.781933
-92	0.78352
-92	0.785107
-93	0.786694
-92	0.788281
-92	0.78996
-92	0.791547
-92	0.793103
-92	0.79469
-92	0.796277
-92	0.797955
-92	0.799542
-92	0.801129
-92	0.802716
-92	0.804303
-92	0.805982
-92	0.807568
-92	0.809155
-92	0.810742
-92	0.812329
-92	0.813977
-92	0.815564
-92	0.817151
-92	0.818769
-88	0.8206
-92	0.822461
-92	0.824048
-92	0.825635
-92	0.827222
-92	0.828901
-92	0.830488
-92	0.832074
-92	0.833661
-92	0.835248
-93	0.836927
-92	0.838514
-92	0.840101
-92	0.841688
-92	0.843275
-92	0.844862
-92	0.846448
-91	0.848035
-92	0.849653
-92	0.85124
-92	0.852888
-92	0.854505
-92	0.856092
-92	0.857679
-92	0.859266
-92	0.860945
-92	0.862531
-92	0.864118
-92	0.865705
-92	0.867353
-91	0.86894
-92	0.870527
-92	0.872114
-92	0.873701
-92	0.875319
-92	0.876905
-92	0.878492
-92	0.880079
-92	0.881666
-92	0.883253
-92	0.88484
-92	0.886427
-92	0.888014
-92	0.889631
-92	0.891279
-92	0.892866
-92	0.894453
-92	0.896071
-92	0.897658
-92	0.899336
-92	0.900923
-92	0.90251
-92	0.904097
-91	0.905684
-92	0.907332
-92	0.908919
-92	0.910506
-92	0.912123
-92	0.91371
-92	0.915541
-92	0.917433
-92	0.91902
-92	0.920607
-92	0.922194
-92	0.923781
-92	0.925399
-92	0.926986
-92	0.928573
-92	0.930251
-92	0.931838
-92	0.933425
-92	0.935012
-92	0.936629
-92	0.938308
-92	0.939895
-92	0.941482
-92	0.943069
-93	0.944656
-91	0.946334
-92	0.947921
-92	0.949508
-92	0.951095
-92	0.952682
-92	0.954269
-92	0.955886
-93	0.957473
-92	0.95906
-92	0.960647
-91	0.962325
-70	0.963912
-92	0.965499
-92	0.967117
-92	0.968704
-92	0.970382
-93	0.971969
-92	0.973556
-93	0.975143
-92	0.976761
-92	0.978347
-92	0.979934
-92	0.981521
-92	0.983108
-91	0.984695
-92	0.986282
-92	0.987869
-92	0.989456
-92	0.991043
-91	0.99263
-92	0.994217
-92	0.995804
-92	0.997421
-92	0.999008
-92	1.00075
-93	1.00233
-92	1.00392
-92	1.00551
-92	1.0071
-92	1.00896
-92	1.01082
-92	1.01241
-92	1.01399
-92	1.01558
-93	1.01726
-92	1.01884
-92	1.02043
-92	1.02202
-93	1.02364
-92	1.02522
-91	1.02684
-90	1.02843
-91	1.03001
-92	1.0316
-92	1.03319
-92	1.03478
-92	1.03636
-92	1.03795
-92	1.03981
-92	1.04179
-92	1.04338
-92	1.04497
-92	1.04656
-91	1.04823
-92	1.04982
-92	1.05141
-92	1.05299
-92	1.05458
-92	1.05626
-92	1.05785
-92	1.05943
-92	1.06102
-92	1.06267
-92	1.06426
-92	1.06584
-93	1.06746
-92	1.06905
-92	1.07063
-92	1.07222
-92	1.07381
-92	1.07543
-92	1.07701
-92	1.07866
-92	1.08028
-91	1.08186
-92	1.08345
-92	1.08504
-92	1.08672
-92	1.0883
-92	1.08989
-92	1.09148
-92	1.0931
-92	1.09477
-92	1.09636
-92	1.09795
-92	1.09953
-92	1.10112
-92	1.10289
-92	1.10475
-92	1.10634
-92	1.10793
-92	1.10954
-92	1.11116
-92	1.11275
-92	1.11434
-92	1.11592
-92	1.11751
-92	1.1191
-92	1.12068
-92	1.12227
-92	1.12389
-92	1.12554
-92	1.12712
-92	1.12874
-93	1.13033
-92	1.13191
-92	1.13359
-92	1.13518
-92	1.13677
-92	1.13835
-92	1.13994
-92	1.14162
-92	1.14321
-92	1.14482
-92	1.14641
-92	1.148
-91	1.14958
-93	1.15117
-92	1.15279
-92	1.15438
-92	1.15596
-92	1.15764
-92	1.15923
-91	1.16081
-93	1.16243
-92	1.16402
-92	1.1657
-92	1.16728
-92	1.16887
-92	1.17046
-92	1.17208
-92	1.17366
-92	1.17525
-92	1.17684
-93	1.17842
-92	1.18001
-92	1.1816
-92	1.18322
-92	1.1848
-92	1.18639
-92	1.18807
-92	1.18965
-92	1.19124
-92	1.19283
-92	1.19442
-92	1.19628
-92	1.19814
-92	1.19976
-92	1.20134
-92	1.20293
-92	1.20461
-92	1.2062
-92	1.20778
-92	1.20937
-92	1.21105
-92	1.21263
-93	1.21425
-60	1.21584
-59	1.21743
-59	1.21901
-61	1.2206
-58	1.22222
-60	1.2238
-59	1.22539
-61	1.22698
-61	1.22856
-91	1.23015
-92	1.23174
-92	1.23333
-92	1.235
-92	1.23659
-92	1.23818
-92	1.23977
-93	1.24138
-91	1.24303
-93	1.24465
-92	1.24623
-91	1.24782
-92	1.24941
-92	1.25109
-92	1.25267
-91	1.25426
-92	1.25585
-92	1.25743
-92	1.25911
-92	1.2607
-92	1.26229
-92	1.26387
-92	1.26546
-91	1.26714
-92	1.26873
-92	1.27031
-92	1.2719
-92	1.27355
-92	1.27514
-92	1.27672
-92	1.27834
-92	1.27993
-93	1.28151
-92	1.2831
-92	1.28469
-91	1.28627
-92	1.28786
-92	1.2896
-91	1.29146
-92	1.29308
-92	1.29467
-93	1.29625
-92	1.2979
-92	1.29949
-92	1.30108
-93	1.30269
-92	1.30428
-92	1.30587
-92	1.30745
-92	1.30904
-92	1.31063
-92	1.31221
-92	1.31389
-91	1.31548
-92	1.31707
-92	1.31865
-92	1.32024
-92	1.32192
-92	1.32351
-92	1.32509
-92	1.32668
-92	1.32833
-92	1.32992
-92	1.3315
-92	1.33309
-92	1.33468
-92	1.33626
-92	1.33785
-92	1.33944
-92	1.34102
-93	1.34261
-93	1.34429
-92	1.34588
-92	1.34746
-92	1.34908
-92	1.35067
-92	1.35232
-92	1.35393
-92	1.35552
-92	1.35711
-92	1.35869
-92	1.36037
-92	1.36196
-93	1.36355
-92	1.36513
-92	1.36675
-92	1.36834
-92	1.36992
-92	1.37151
-92	1.3731
-92	1.37469
-92	1.37636
-92	1.37795
-92	1.37954
-92	1.38112
-92	1.38271
-93	1.38457
-92	1.38643
-91	1.38802
-92	1.38961
-92	1.39129
-91	1.39287
-93	1.39446
-92	1.39605
-91	1.39767
-92	1.39931
-92	1.40093
-92	1.40252
-92	1.4041
-92	1.40569
-92	1.40734
-92	1.40893
-92	1.41051
-91	1.41213
-92	1.41372
-92	1.41537
-92	1.41698
-92	1.41857
-92	1.42016
-92	1.42174
-92	1.42342
-91	1.42501
-92	1.4266
-92	1.42818
-92	1.42986
-93	1.43145
-92	1.43304
-92	1.43462
-92	1.43621
-92	1.4378
-92	1.43941
-92	1.441
-92	1.44259
-92	1.44417
-92	1.44585
-92	1.44744
-92	1.44903
-92	1.45064
-92	1.45223
-92	1.45391
-92	1.4555
-91	1.45708
-92	1.45867
-92	1.46026
-92	1.46194
-92	1.46355
-92	1.46514
-92	1.46673
-93	1.46831
-93	1.4699
-92	1.47149
-91	1.47308
-91	1.47466
-90	1.47625
-92	1.47811
-92	1.47997
-93	1.48156
-92	1.48315
-92	1.48473
-92	1.48632
-92	1.48791
-92	1.48952
-92	1.49111
-92	1.49276
-92	1.49435
-92	1.49593
-92	1.49755
-92	1.49914
-92	1.50082
-92	1.5024
-92	1.50399
-91	1.50558
-92	1.50716
-92	1.50884
-92	1.51043
-92	1.51202
-92	1.5136
-92	1.51522
-92	1.51681
-91	1.51839
-92	1.51998
-92	1.52157
-92	1.52316
-92	1.52483
-92	1.52645
-92	1.52804
-93	1.52963
-92	1.53121
-92	1.53289
-92	1.53448
-93	1.53606
-92	1.53768
-92	1.53927
-92	1.54086
-92	1.54247
-92	1.54406
-93	1.54565
-92	1.54723
-89	1.54885
-92	1.55044
-93	1.55203
-92	1.55361
-92	1.55529
-92	1.55688
-93	1.5585
-92	1.56008
-92	1.5617
-92	1.56338
-92	1.56497
-92	1.56655
-92	1.56814
-92	1.56973
-92	1.57156
-92	1.57342
-92	1.57501
-92	1.57659
-92	1.57827
-92	1.57986
-92	1.58145
-92	1.58303
-93	1.58462
-92	1.58621
-92	1.58782
-92	1.58941
-92	1.591
-91	1.59258
-92	1.59417
-92	1.59576
-92	1.59734
-91	1.59893
-92	1.60052
-92	1.6022
-92	1.60378
-82	1.60537
-92	1.60696
-92	1.60855
-92	1.61022
-92	1.61181
-92	1.6134
-92	1.61498
-92	1.61657
-92	1.61825
-92	1.61984
-92	1.62142
-92	1.62301
-92	1.6246
-92	1.62621
-92	1.6278
-91	1.62939
-92	1.63098
-92	1.63256
-92	1.63424
-92	1.63583
-93	1.63742
-92	1.639
-92	1.64062
-93	1.64227
-91	1.64388
-92	1.64547
-92	1.64706
-92	1.64865
-92	1.65023
-92	1.65185
-92	1.65344
-92	1.65502
-92	1.65661
-92	1.6582
-92	1.65978
-92	1.6614
-92	1.66299
-92	1.66482
-92	1.66671
-92	1.6683
-93	1.66989
-92	1.67147
-92	1.67309
-92	1.67468
-92	1.67626
-92	1.67785
-92	1.67944
-92	1.68112
-92	1.6827
-92	1.68432
-92	1.68591
-92	1.6875
-92	1.68917
-92	1.69076
-91	1.69235
-92	1.69393
-92	1.69555
-92	1.69714
-92	1.69873
-92	1.70031
-90	1.70193
-92	1.70352
-92	1.7051
-93	1.70669
-92	1.70828
-92	1.7099
-92	1.71157
-91	1.71316
-93	1.71475
-92	1.71633
-92	1.71792
-92	1.7196
-93	1.72119
-92	1.72277
-92	1.72436
-92	1.72595
-92	1.72763
-92	1.72921
-92	1.7308
-92	1.73242
-92	1.734
-92	1.73568
-92	1.73727
-92	1.73886
-92	1.74044
-93	1.74203
-92	1.74371
-92	1.7453
-92	1.74688
-92	1.74847
-92	1.75015
-92	1.75177
-92	1.75335
-92	1.75494
-92	1.75653
-92	1.7583
-92	1.76016
-92	1.76175
-91	1.76336
-91	1.76495
-92	1.7666
-92	1.76822
-92	1.7698
-92	1.77139
-92	1.77298
-92	1.77456
-92	1.77615
-91	1.77777
-92	1.77935
-92	1.78094
-92	1.78262
-92	1.78421
-92	1.78579
-92	1.78738
-92	1.78897
-92	1.79065
-92	1.79226
-93	1.79385
-92	1.79544
-92	1.79706
-92	1.79864
-92	1.80023
-92	1.80185
-92	1.80343
-92	1.80502
-92	1.80661
-91	1.80822
-92	1.80981
-92	1.8114
-92	1.81308
-92	1.81466
-92	1.81625
-92	1.81787
-92	1.81946
-92	1.82113
-92	1.82272
-92	1.82431
-92	1.82589
-92	1.82751
-92	1.82919
-92	1.83078
-92	1.83236
-92	1.83395
-92	1.83557
-92	1.83725
-92	1.83883
-92	1.84042
-92	1.84201
-92	1.8436
-92	1.84527
-92	1.84689
-92	1.84848
-92	1.85006
-92	1.85193
-92	1.85379
-92	1.85541
-92	1.85699
-92	1.85858
-92	1.86026
-92	1.86184
-92	1.86343
-92	1.86505
-92	1.86664
-93	1.86828
-92	1.8699
-92	1.87149
-92	1.87308
-92	1.87469
-92	1.87637
-92	1.87796
-92	1.87955
-92	1.88113
-92	1.88272
-91	1.8844
-91	1.88598
-92	1.88757
-92	1.88916
-92	1.89081
-92	1.89239
-92	1.89401
-91	1.8956
-92	1.89718
-92	1.89877
-92	1.90036
-92	1.90198
-92	1.90356
-91	1.90515
-92	1.90683
-92	1.90842
-92	1.91
-92	1.91159
-92	1.91321
-92	1.91489
-92	1.91647
-93	1.91806
-92	1.91965
-91	1.92123
-93	1.92291
-92	1.92453
-92	1.92612
-92	1.9277
-92	1.92929
-92	1.93091
-92	1.93249
-92	1.93411
-92	1.9357
-92	1.93729
-92	1.93896
-92	1.94055
-92	1.94217
-92	1.94376
-92	1.94543
-92	1.9472
-92	1.94907
-92	1.95068
-92	1.95227
-92	1.95395
-93	1.95554
-92	1.95712
-93	1.95871
-92	1.9603
-92	1.96197
-92	1.96356
-92	1.96515
-92	1.96674
-92	1.96832
-92	1.96991
-92	1.9715
-92	1.97308
-92	1.97467
-91	1.97626
-92	1.97794
-92	1.97952
-92	1.98111
-92	1.9827
-92	1.98428
-92	1.98593
-92	1.98755
-92	1.98914
-92	1.99072
-92	1.99237
-92	1.99396
-92	1.99554
-92	1.99713
-92	1.99872
-92	2.0004
-92	2.00143
-92	2.0025
-92	2.00357
-92	2.00479
-92	2.00604
-91	2.00726
-91	2.00855
-92	2.00977
-92	2.01102
-92	2.01224
-92	2.01349
-92	2.01471
-92	2.01602
-92	2.01727
-92	2.01849
-92	2.01975
-92	2.02097
-92	2.02222
-91	2.02353
-92	2.02475
-92	2.026
-93	2.02722
-92	2.02847
-92	2.02972
-92	2.03095
-93	2.03244
-92	2.03384
-92	2.03525
-93	2.03668
-92	2.03809
-92	2.0398
-92	2.04184
-91	2.04324
-92	2.04465
-92	2.04605
-92	2.04755
-91	2.04898
-92	2.05039
-93	2.05179
-92	2.05319
-92	2.0546
-92	2.05609
-92	2.0575
-92	2.05893
-92	2.06033
-92	2.06174
-92	2.06323
-92	2.06464
-92	2.06607
-92	2.06748
-92	2.06888
-91	2.07028
-91	2.07178
-92	2.07321
-92	2.07462
-92	2.07602
-92	2.07745
-93	2.07895
-92	2.08035
-92	2.08176
-92	2.08316
-92	2.08457
-92	2.08606
-92	2.0875
-92	2.0889
-92	2.0903
-92	2.09171
-92	2.09314
-92	2.09464
-92	2.09604
-92	2.09744
-92	2.09888
-92	2.10028
-92	2.10172
-92	2.10312
-92	2.10455
-92	2.10596
-92	2.10736
-92	2.1088
-92	2.11026
-93	2.1117
-92	2.1131
-92	2.1145
-92	2.11594
-93	2.11737
-92	2.11878
-92	2.12018
-92	2.12161
-91	2.12302
-92	2.12442
-92	2.12589
-92	2.12732
-92	2.12873
-92	2.13013
-92	2.13153
-92	2.13318
-92	2.13489
-92	2.13629
-93	2.1377
-92	2.13913
-92	2.14054
-92	2.14203
-92	2.14343
-92	2.14487
-91	2.14627
-92	2.14768
-92	2.14917
-92	2.15058
-92	2.15201
-92	2.15341
-92	2.15482
-92	2.15634
-93	2.15775
-92	2.15915
-93	2.16056
-92	2.16196
-92	2.16339
-92	2.16489
-92	2.16629
-91	2.1677
-92	2.16913
-92	2.17053
-92	2.17203
-91	2.17343
-92	2.17484
-92	2.17627
-92	2.17768
-92	2.17908
-92	2.18058
-91	2.18201
-92	2.18341
-92	2.18482
-92	2.18625
-92	2.18769
-92	2.18909
-92	2.19052
-92	2.19193
-92	2.19333
-92	2.19477
-92	2.19623
-92	2.19763
-92	2.19904
-92	2.20044
-92	2.20185
-92	2.20331
-92	2.20472
-92	2.20612
-92	2.20752
-92	2.20896
-92	2.21036
-92	2.21183
-92	2.21326
-92	2.21466
-92	2.21607
-92	2.2175
-92	2.21894
-92	2.22034
-92	2.22177
-61	2.22318
-58	2.22458
-61	2.22602
-58	2.22763
-60	2.22934
-59	2.23075
-59	2.23218
-59	2.23359
-58	2.23508
-59	2.23648
-92	2.23792
-92	2.23932
-92	2.24073
-92	2.24216
-92	2.24366
-92	2.24506
-92	2.24646
-93	2.2479
-92	2.2493
-92	2.2508
-92	2.2522
-92	2.2536
-92	2.25504
-92	2.25644
-91	2.25794
-91	2.25934
-92	2.26075
-92	2.26218
-91	2.26358
-91	2.26502
-92	2.26651
-91	2.26792
-92	2.26932
-91	2.27076
-93	2.27216
-92	2.27359
-91	2.27503
-92	2.27643
-92	2.27784
-92	2.27927
-92	2.28067
-92	2.28217
-93	2.28357
-92	2.28498
-92	2.28641
-92	2.28782
-92	2.28925
-92	2.29068
-92	2.29209
-92	2.29352
-92	2.29493
-92	2.29633
-92	2.29776
-92	2.2992
-91	2.3006
-92	2.30204
-91	2.30344
-92	2.30488
-92	2.30631
-92	2.3079
-92	2.30948
-92	2.31107
-92	2.31269
-92	2.31427
-92	2.31586
-93	2.31745
-92	2.31901
-92	2.32078
-92	2.32264
-91	2.32422
-92	2.32581
-92	2.3274
-92	2.32905
-92	2.33063
-92	2.33222
-92	2.33381
-92	2.33539
-92	2.33701
-92	2.3386
-92	2.34018
-92	2.34177
-92	2.34336
-92	2.34504
-92	2.34662
-92	2.34821
-92	2.3498
-92	2.35138
-92	2.35306
-92	2.35465
-92	2.35624
-92	2.35782
-92	2.3595
-92	2.36109
-92	2.36268
-92	2.36426
-92	2.36585
-91	2.36744
-92	2.36902
-92	2.37061
-92	2.37223
-92	2.37382
-92	2.3754
-92	2.37699
-92	2.37858
-92	2.38016
-92	2.38175
-92	2.38343
-92	2.38502
-92	2.3866
-92	2.38819
-92	2.38978
-92	2.39145
-92	2.39304
-92	2.3946
-92	2.39619
-92	2.39777
-92	2.39945
-92	2.40104
-88	2.40262
-92	2.40421
-92	2.4058
-92	2.40739
-92	2.40897
-92	2.41056
-93	2.41215
-92	2.41373
-92	2.41556
-92	2.41743
-94	2.41901
-93	2.4206
-92	2.42219
-92	2.42377
-92	2.42536
-92	2.42695
-92	2.42856
-92	2.43021
-92	2.4318
-92	2.43339
-92	2.43497
-92	2.43656
-92	2.43824
-92	2.43983
-92	2.44141
-92	2.443
-92	2.44459
-92	2.44627
-92	2.44785
-92	2.44944
-92	2.45103
-92	2.45261
-92	2.45423
-92	2.45582
-92	2.4574
-89	2.45899
-93	2.46058
-92	2.46226
-92	2.46384
-91	2.46543
-92	2.46702
-92	2.4686
-92	2.47028
-92	2.47187
-92	2.47346
-92	2.47504
-92	2.47672
-92	2.47831
-91	2.4799
-92	2.48148
-92	2.48307
-92	2.48466
-92	2.48624
-92	2.48786
-92	2.48945
-92	2.49104
-93	2.49262
-92	2.49421
-92	2.49577
-92	2.49735
-92	2.49894
-92	2.50062
-92	2.5022
-92	2.50379
-92	2.50538
-92	2.50697
-92	2.5088
-92	2.51066
-92	2.51225
-92	2.51383
-92	2.51542
-92	2.5171
-92	2.51868
-91	2.52027
-92	2.52186
-92	2.52354
-92	2.52512
-92	2.52671
-91	2.5283
-92	2.52988
-92	2.53147
-92	2.53306
-92	2.53465
-92	2.53623
-93	2.53782
-92	2.53941
-92	2.54099
-92	2.54258
-92	2.54417
-92	2.54575
-92	2.54743
-92	2.54902
-91	2.55061
-91	2.55219
-92	2.55378
-92	2.55546
-92	2.55705
-92	2.55863
-92	2.56022
-92	2.56181
-92	2.56349
-92	2.56507
-92	2.56666
-92	2.56825
-93	2.56983
-92	2.57142
-92	2.57301
-92	2.57459
-92	2.57621
-92	2.5778
-92	2.57945
-92	2.58103
-91	2.58265
-92	2.58424
-92	2.58582
-91	2.5875
-92	2.58909
-92	2.59068
-92	2.59226
-90	2.59391
-92	2.5955
-93	2.59709
-92	2.59867
-91	2.60026
-92	2.60203
-92	2.60389
-92	2.60548
-92	2.60706
-92	2.60865
-92	2.61033
-92	2.61192
-92	2.6135
-92	2.61512
-92	2.61671
-92	2.6183
-92	2.61988
-92	2.62147
-92	2.62309
-92	2.62467
-93	2.62632
-92	2.62791
-92	2.6295
-92	2.63108
-92	2.63267
-92	2.63435
-92	2.63593
-92	2.63752
-92	2.63911
-92	2.64079
-92	2.64237
-92	2.64396
-92	2.64555
-92	2.64714
-92	2.64872
-92	2.65031
-92	2.6519
-92	2.65348
-92	2.65507
-92	2.65666
-92	2.65824
-92	2.65983
-92	2.66142
-92	2.663
-92	2.66468
-92	2.66627
-92	2.66786
-92	2.66944
-92	2.67103
-92	2.67268
-92	2.6743
-92	2.67588
-92	2.67747
-92	2.67906
-92	2.68074
-92	2.68232
-92	2.68391
-92	2.6855
-92	2.68708
-92	2.68867
-92	2.69026
-92	2.69184
-92	2.69343
-92	2.69502
-92	2.69688
-91	2.69874
-91	2.70033
-92	2.70192
-93	2.7035
-92	2.70509
-92	2.70671
-92	2.70829
-92	2.70988
-93	2.71153
-92	2.71312
-92	2.71473
-92	2.71632
-93	2.71791
-92	2.71958
-92	2.72117
-92	2.72276
-91	2.72435
-92	2.72593
-92	2.72761
-91	2.7292
-92	2.73079
-92	2.73237
-92	2.73399
-91	2.73564
-92	2.73722
-92	2.73881
-92	2.7404
-92	2.74202
-92	2.74366
-92	2.74525
-92	2.74684
-92	2.74842
-92	2.7501
-92	2.75169
-92	2.75328
-92	2.75486
-92	2.75648
-92	2.75807
-92	2.75966
-92	2.76124
-91	2.76283
-92	2.76442
-92	2.766
-92	2.76759
-92	2.76918
-92	2.77079
-92	2.77238
-92	2.77406
-92	2.77565
-92	2.77723
-92	2.77882
-92	2.78041
-92	2.78209
-92	2.78367
-92	2.78526
-91	2.78685
-92	2.78843
-92	2.79026
-92	2.79216
-91	2.79374
-92	2.7953
-92	2.79698
-92	2.79857
-92	2.80015
-92	2.80174
-92	2.80333
-92	2.80491
-92	2.8065
-92	2.80809
-92	2.80967
-92	2.81126
-92	2.81285
-92	2.81444
-92	2.81602
-92	2.81761
-92	2.8192
-91	2.82087
-92	2.82246
-92	2.82405
-92	2.82564
-91	2.82722
-92	2.8289
-92	2.83049
-92	2.83207
-92	2.83366
-92	2.83525
-92	2.83693
-92	2.83851
-92	2.8401
-92	2.84169
-92	2.84327
-91	2.84486
-92	2.84645
-92	2.84804
-92	2.84965
-92	2.85124
-92	2.85289
-92	2.85451
-92	2.85609
-92	2.85768
-92	2.85927
-92	2.86094
-92	2.86253
-92	2.86412
-92	2.86571
-92	2.86735
-92	2.86894
-93	2.87053
-92	2.87211
-92	2.8737
-91	2.87532
-92	2.87691
-92	2.87849
-92	2.88008
-92	2.88167
-92	2.88344
-92	2.8853
-92	2.88688
-92	2.8885
-90	2.89009
-92	2.89171
-92	2.89329
-92	2.89488
-92	2.89647
-92	2.89808
-92	2.89973
-92	2.90132
-92	2.90294
-91	2.90452
-92	2.90611
-91	2.90779
-91	2.90938
-92	2.91096
-92	2.91255
-91	2.91423
-91	2.91582
-92	2.9174
-92	2.91899
-92	2.92061
-93	2.92219
-92	2.92378
-92	2.92537
-91	2.92696
-92	2.92857
-91	2.93022
-93	2.93184
-91	2.93342
-91	2.93501
-92	2.9366
-92	2.93828
-92	2.93986
-92	2.94145
-92	2.94304
-93	2.94466
-92	2.9463
-92	2.94792
-92	2.94951
-92	2.95109
-92	2.95268
-92	2.95427
-92	2.95586
-92	2.95744
-93	2.95906
-92	2.96065
-92	2.96233
-92	2.96391
-92	2.9655
-92	2.96709
-92	2.96867
-92	2.97035
-89	2.97194
-92	2.97356
-92	2.97514
-92	2.97694
-91	2.97881
-91	2.98039
-91	2.98198
-91	2.98357
-92	2.98521
-91	2.9868
-92	2.98839
-91	2.98997
-91	2.99156
-92	2.99324
-92	2.99483
-92	2.99641
-91	2.998
-91	2.99959
-91	3.00127
-91	3.00285
-91	3.00444
-91	3.00603
-92	3.00761
-91	3.00929
-92	3.01088
-92	3.01247
-92	3.01408
-92	3.01573
-91	3.01732
-92	3.01891
-92	3.02049
-91	3.02208
-92	3.0237
-92	3.02528
-91	3.02687
-91	3.02846
-91	3.03005
-91	3.03163
-92	3.03322
-91	3.03481
-91	3.03639
-92	3.03798
-92	3.03987
-91	3.04182
-92	3.04341
-91	3.045
-91	3.04659
-92	3.04826
-92	3.04985
-92	3.05144
-92	3.05303
-92	3.05464
-92	3.05629
-91	3.05791
-91	3.05949
-91	3.06108
-91	3.0627
-92	3.06429
-90	3.06587
-91	3.06746
-92	3.06905
-92	3.07085
-92	3.07271
-91	3.0743
-90	3.07588
-90	3.07747
-91	3.07915
-91	3.08074
-93	3.08232
-92	3.08394
-92	3.08553
-92	3.08711
-92	3.08873
-91	3.09032
-92	3.09191
-92	3.09349
-92	3.09517
-92	3.09676
-92	3.09834
-92	3.09993
-92	3.10152
-92	3.1032
-91	3.10478
-93	3.10637
-92	3.10796
-92	3.10958
-91	3.11116
-92	3.11275
-92	3.11437
-92	3.11595
-92	3.11754
-92	3.11913
-92	3.12071
-92	3.1223
-92	3.12389
-92	3.12557
-92	3.12715
-92	3.12874
-92	3.13033
-92	3.13194
-91	3.13362
-92	3.13521
-91	3.1368
-92	3.13838
-92	3.13997
-92	3.14165
-92	3.14324
-91	3.14482
-92	3.14644
-92	3.14803
-92	3.14961
-92	3.15123
-92	3.15282
-92	3.15441
-92	3.15599
-92	3.15767
-92	3.15926
-92	3.16088
-92	3.16246
-92	3.16405
-92	3.16591
-92	3.16777
-92	3.16936
-92	3.17098
-92	3.17266
-92	3.17424
-92	3.17583
-92	3.17742
-92	3.179
-92	3.18068
-92	3.18227
-92	3.18386
-92	3.18544
-92	3.18703
-92	3.18862
-91	3.1902
-92	3.19182
-92	3.19341
-92	3.195
-91	3.19667
-93	3.19826
-92	3.19985
-92	3.20143
-92	3.20302
-92	3.2047
-92	3.20629
-92	3.2079
-93	3.20949
-92	3.21111
-92	3.2127
-92	3.21428
-92	3.2159
-92	3.21749
-92	3.21907
-92	3.22066
-92	3.22228
-91	3.22387
-92	3.22545
-92	3.2271
-92	3.22872
-61	3.2303
-62	3.23189
-61	3.23348
-57	3.23516
-60	3.23674
-60	3.23833
-60	3.23992
-60	3.2415
-59	3.24318
-92	3.24477
-92	3.24636
-92	3.24797
-92	3.24956
-92	3.25115
-92	3.25274
-92	3.25432
-92	3.25591
-92	3.2575
-92	3.25933
-92	3.26122
-92	3.26281
-92	3.26439
-91	3.26598
-92	3.26757
-91	3.26915
-92	3.27074
-92	3.27233
-92	3.27401
-92	3.27559
-91	3.27718
-92	3.27877
-92	3.28035
-92	3.282
-92	3.28359
-92	3.28521
-92	3.28679
-92	3.28838
-92	3.29003
-91	3.29162
-92	3.2932
-92	3.29482
-92	3.29641
-91	3.29799
-91	3.29958
-92	3.30117
-92	3.30275
-92	3.30434
-92	3.30602
-92	3.30761
-92	3.30919
-92	3.31078
-92	3.31237
-91	3.31405
-91	3.31563
-92	3.31725
-92	3.31884
-92	3.32049
-92	3.32207
-92	3.32366
-92	3.32525
-92	3.32686
-92	3.32845
-92	3.33004
-92	3.33162
-92	3.33321
-92	3.3348
-93	3.33642
-92	3.338
-92	3.33959
-92	3.34118
-92	3.34276
-92	3.34444
-92	3.34603
-92	3.34762
-92	3.3492
-92	3.35079
-91	3.35265
-92	3.35451
-92	3.3561
-92	3.35772
-92	3.3593
-92	3.36095
-92	3.36257
-92	3.36416
-92	3.36574
-92	3.36736
-92	3.36895
-92	3.37053
-92	3.37212
-91	3.37371
-92	3.3753
-92	3.37688
-92	3.37847
-91	3.38009
-92	3.38167
-93	3.38326
-92	3.38485
-92	3.38643
-91	3.38805
-92	3.38964
-92	3.39132
-92	3.3929
-92	3.39449
-92	3.39608
-92	3.39767
-92	3.39934
-91	3.40093
-92	3.40252
-92	3.40414
-92	3.40572
-92	3.40734
-92	3.40893
-92	3.41051
-92	3.41213
-92	3.41372
-91	3.41537
-92	3.41698
-92	3.41857
-92	3.42016
-92	3.42174
-93	3.42342
-92	3.42501
-92	3.4266
-93	3.42818
-92	3.42986
-92	3.43145
-92	3.43304
-92	3.43462
-91	3.43621
-91	3.4378
-92	3.43941
-92	3.441
-92	3.44259
-92	3.44417
-91	3.44604
-92	3.4479
-93	3.44949
-92	3.4511
-92	3.45269
-92	3.45428
-92	3.45586
-92	3.45745
-92	3.45907
-92	3.46065
-92	3.46233
-92	3.46392
-92	3.46551
-92	3.46709
-92	3.46868
-92	3.47036
-92	3.47195
-92	3.47353
-92	3.47512
-92	3.47674
-92	3.47832
-92	3.47991
-92	3.4815
-92	3.48312
-92	3.4847
-92	3.48629
-92	3.48788
-92	3.48946
-91	3.49105
-92	3.49264
-93	3.49425
-92	3.49584
-92	3.49743
-92	3.49902
-91	3.50069
-92	3.50228
-91	3.50387
-92	3.50546
-92	3.50704
-92	3.50872
-92	3.51031
-92	3.51192
-92	3.51351
-92	3.5151
-92	3.51672
-92	3.5183
-92	3.51992
-92	3.52151
-92	3.52309
-92	3.52477
-92	3.52636
-92	3.52795
-92	3.52953
-93	3.53112
-92	3.5328
-92	3.53442
-92	3.536
-92	3.53759
-92	3.53942
-92	3.54128
-92	3.5429
-92	3.54449
-92	3.54607
-92	3.54775
-92	3.54934
-92	3.55096
-92	3.55254
-92	3.55413
-91	3.55578
-92	3.5574
-92	3.55898
-92	3.56057
-92	3.56219
-92	3.56387
-92	3.56545
-92	3.56704
-92	3.56863
-92	3.57021
-93	3.57186
-92	3.57345
-92	3.57507
-92	3.57665
-92	3.5783
-92	3.57989
-92	3.58148
-92	3.58306
-92	3.58465
-92	3.58624
-92	3.58785
-92	3.58944
-92	3.59103
-92	3.59261
-92	3.5942
-87	3.59579
-92	3.59738
-91	3.59896
-92	3.60055
-92	3.60223
-92	3.60381
-92	3.6054
-92	3.60699
-92	3.60858
-92	3.61025
-92	3.61184
-92	3.61343
-92	3.61501
-92	3.6166
-86	3.61828
-92	3.61987
-92	3.62145
-93	3.62304
-92	3.62466
-92	3.62631
-93	3.62789
-92	3.62951
-92	3.6311
-92	3.63268
-92	3.63452
-92	3.63641
-92	3.63799
-92	3.63958
-92	3.64126
-92	3.64285
-92	3.64443
-91	3.64602
-92	3.64761
-92	3.64929
-92	3.65087
-92	3.65246
-92	3.65408
-92	3.65566
-92	3.65734
-92	3.65893
-92	3.66052
-92	3.6621
-92	3.66369
-92	3.66537
-92	3.66696
-92	3.66854
-92	3.67013
-91	3.67172
-92	3.6734
-92	3.67498
-91	3.67657
-93	3.67819
-92	3.67984
-91	3.68145
-92	3.68304
-91	3.68463
-92	3.68621
-92	3.6878
-92	3.68939
-92	3.691
-92	3.69259
-92	3.69418
-92	3.6958
-92	3.69738
-92	3.69897
-91	3.70056
-91	3.70217
-91	3.70382
-92	3.70544
-91	3.70703
-91	3.70861
-92	3.71023
-93	3.71188
-92	3.71347
-92	3.71508
-92	3.71667
-92	3.71826
-92	3.71987
-92	3.72146
-92	3.72305
-92	3.72464
-91	3.72622
-92	3.72808
-92	3.72995
-92	3.73153
-92	3.73315
-92	3.73474
-93	3.73632
-92	3.73791
-92	3.7395
-92	3.74108
-92	3.74276
-92	3.74435
-92	3.74597
-92	3.74755
-91	3.74914
-92	3.75082
-91	3.75241
-92	3.75399
-92	3.75561
-92	3.7572
-92	3.75888
-92	3.76046
-92	3.76205
-92	3.76364
-92	3.76522
-92	3.76684
-92	3.76843
-92	3.77002
-92	3.7716
-92	3.77319
-92	3.77487
-91	3.77646
-92	3.77807
-92	3.77966
-92	3.78125
-92	3.78293
-92	3.78451
-92	3.7861
-92	3.78769
-91	3.78927
-92	3.79089
-92	3.79248
-91	3.79406
-92	3.79565
-92	3.79727
-92	3.79886
-92	3.80044
-91	3.80203
-92	3.80362
-92	3.80529
-92	3.80688
-92	3.8085
-92	3.81009
-92	3.81167
-92	3.81335
-92	3.81494
-92	3.81653
-92	3.81811
-92	3.81973
-91	3.82156
-92	3.82345
-92	3.82504
-92	3.82663
-92	3.82831
-92	3.82989
-92	3.83151
-92	3.8331
-92	3.83468
-92	3.83627
-92	3.83786
-92	3.83948
-92	3.84106
-92	3.84265
-92	3.84433
-92	3.84591
-92	3.8475
-92	3.84912
-92	3.85071
-91	3.85238
-92	3.85397
-77	3.85556
-92	3.85718
-92	3.85876
-92	3.86044
-92	3.86203
-92	3.86361
-91	3.8652
-92	3.86682
-92	3.8685
-92	3.87008
-92	3.87167
-92	3.87326
-92	3.87488
-92	3.87655
-92	3.87814
-92	3.87973
-92	3.88132
-92	3.88299
-92	3.88458
-91	3.88617
-93	3.88779
-92	3.88937
-92	3.89096
-92	3.89255
-92	3.89413
-92	3.89572
