-92 6097
-92 6143
-92 6192
-92 6239
-92 6285
-92 6331
-92 6378
-92 6427
-92 6473
-92 6520
-92 6566
-92 6612
-92 6661
-92 6707
-92 6754
-92 6800
-61 6846
-59 6892
-62 6941
-60 6988
-61 7034
-61 7080
-61 7127
-60 7174
-60 7220
-67 7267
-92 7313
-92 7359
-92 7406
-92 7453
-92 7500
-91 7546
-92 7593
-92 7639
-92 7686
-92 7732
-91 7779
-92 7825
-92 7872
-92 7918
-92 7966
-92 8012
-91 8058
-92 8104
-92 8151
-92 8198
-92 8244
-92 8290
-88 8337
-92 8383
-92 8429
-91 8483
-92 8539
-92 8585
-92 8631
-92 8678
-92 8727
-92 8773
-92 8819
-92 8866
-92 8912
-92 8958
-92 9008
-92 9054
-92 9100
-92 9147
-92 9193
-92 9242
-91 9288
-92 9335
-92 9381
-92 9428
-91 9477
-92 9523
-91 9569
-92 9616
-92 9662
-92 9709
-92 9757
-92 9804
-92 9850
-92 9896
-92 9943
-92 9990
-92 10037
-92 10089
-91 10141
-92 10193
-92 10246
-92 10298
-92 10350
-92 10402
-92 10453
-92 10505
-92 10557
-92 10609
-92 10661
-88 10713
-92 10765
-92 10817
-92 10869
-92 10921
-92 10973
-91 11028
-92 11080
-92 11132
-92 11184
-91 11236
-92 11291
-92 11343
-92 11395
-92 11447
-92 11499
-92 11559
-92 11620
-92 11672
-92 11724
-92 11779
-92 11831
-92 11883
-92 11935
-92 11987
-91 12039
-91 12091
-92 12143
-92 12196
-92 12248
-92 12300
-92 12352
-92 12404
-92 12456
-92 12508
-91 12563
-92 12615
-92 12667
-92 12719
-92 12771
-92 12826
-92 12878
-92 12929
-92 12981
-92 13033
-91 13088
-91 13140
-92 13192
-92 13244
-91 13296
-92 13348
-93 13400
-92 13452
-92 13504
-92 13556
-92 13611
-92 13663
-92 13715
-92 13767
-92 13819
-92 13873
-92 13925
-92 13977
-92 14030
-92 14084
-92 14136
-92 14188
-92 14240
-92 14292
-92 14345
-92 14397
-92 14449
-92 14501
-92 14553
-92 14610
-92 14672
-92 14724
-93 14776
-92 14828
-92 14882
-92 14934
-92 14986
-92 15039
-92 15091
-92 15146
-92 15198
-92 15250
-92 15302
-92 15354
-90 15409
-90 15461
-92 15513
-92 15565
-93 15620
-92 15672
-92 15724
-92 15776
-92 15828
-92 15880
-92 15932
-92 15985
-92 16037
-92 16089
-92 16140
-92 16192
-91 16244
-92 16296
-92 16348
-92 16403
-92 16455
-92 16507
-92 16559
-92 16611
-92 16665
-92 16717
-92 16769
-92 16821
-92 16873
-92 16928
-92 16980
-92 17032
-92 17084
-92 17136
-92 17188
-92 17240
-92 17292
-92 17344
-92 17396
-92 17451
-92 17503
-92 17555
-91 17607
-92 17659
-92 17720
-92 17781
-92 17833
-92 17885
-93 17940
-92 17992
-92 18044
-92 18096
-92 18148
-92 18203
-92 18255
-92 18307
-92 18359
-92 18411
-92 18466
-92 18518
-92 18570
-92 18622
-92 18674
-92 18726
-92 18778
-92 18830
-92 18883
-92 18935
-91 18989
-92 19042
-92 19094
-92 19146
-92 19198
-92 19253
-92 19305
-91 19357
-92 19409
-92 19462
-92 19514
-92 19566
-92 19618
-92 19670
-93 19722
-92 19774
-92 19826
-92 19879
-91 19931
-92 19985
-92 20038
-92 20090
-92 20142
-92 20194
-92 20249
-92 20301
-92 20353
-92 20405
-89 20457
-92 20512
-92 20564
-92 20616
-92 20668
-92 20720
-92 20778
-92 20839
-89 20891
-91 20943
-91 20997
-92 21049
-92 21101
-92 21153
-92 21205
-92 21257
-92 21309
-92 21361
-92 21413
-91 21465
-91 21517
-92 21569
-92 21621
-92 21673
-91 21725
-92 21780
-92 21832
-92 21884
-91 21936
-91 21988
-92 22043
-92 22095
-92 22147
-92 22199
-92 22251
-90 22306
-92 22358
-92 22410
-92 22462
-92 22514
-92 22567
-92 22619
-92 22671
-92 22723
-92 22775
-91 22830
-92 22882
-92 22934
-91 22986
-91 23038
-92 23093
-92 23145
-92 23197
-92 23249
-92 23302
-92 23354
-91 23406
-92 23458
-93 23510
-92 23562
-92 23615
-92 23667
-92 23719
-92 23771
-92 23832
-91 23893
-91 23945
-92 23997
-92 24050
-92 24102
-92 24154
-92 24206
-92 24258
-92 24310
-92 24365
-92 24417
-92 24469
-92 24521
-92 24573
-91 24628
-92 24680
-93 24732
-92 24784
-92 24837
-91 24889
-92 24941
-92 24993
-92 25045
-92 25098
-92 25150
-92 25202
-92 25254
-92 25306
-92 25359
-91 25411
-92 25463
-92 25515
-92 25568
-91 25622
-92 25674
-92 25726
-93 25778
-92 25830
-92 25885
-92 25937
-92 25988
-92 26040
-92 26092
-92 26147
-92 26199
-92 26251
-92 26303
-92 26355
-92 26410
-92 26462
-92 26514
-92 26566
-92 26618
-92 26672
-92 26724
-92 26776
-92 26829
-88 26889
-92 26950
-92 27002
-92 27054
-92 27106
-92 27161
-92 27213
-92 27265
-92 27317
-92 27369
-93 27424
-92 27476
-92 27528
-92 27580
-92 27632
-92 27684
-92 27736
-91 27788
-92 27841
-92 27893
-92 27947
-92 28000
-92 28052
-92 28104
-92 28156
-92 28211
-92 28263
-92 28315
-92 28367
-92 28421
-91 28473
-92 28525
-92 28577
-92 28629
-92 28682
-92 28734
-92 28786
-92 28838
-92 28890
-92 28942
-92 28994
-92 29046
-92 29098
-92 29151
-92 29205
-92 29257
-92 29309
-92 29362
-92 29414
-92 29469
-92 29521
-92 29573
-92 29625
-91 29677
-92 29731
-92 29783
-92 29835
-92 29888
-92 29940
-92 30000
-92 30062
-92 30114
-92 30166
-92 30218
-92 30270
-92 30323
-92 30375
-92 30427
-92 30482
-92 30534
-92 30586
-92 30638
-92 30691
-92 30746
-92 30798
-92 30850
-92 30902
-93 30954
-91 31009
-92 31061
-92 31113
-92 31165
-92 31217
-92 31269
-92 31322
-93 31374
-92 31426
-92 31478
-91 31533
-70 31585
-92 31637
-92 31690
-92 31742
-92 31797
-93 31849
-92 31901
-93 31953
-92 32006
-92 32058
-92 32110
-92 32162
-92 32214
-91 32266
-92 32318
-92 32370
-92 32422
-92 32474
-91 32526
-92 32578
-92 32630
-92 32683
-92 32735
-92 32792
-93 32844
-92 32896
-92 32948
-92 33000
-92 33061
-92 33122
-92 33174
-92 33226
-92 33278
-93 33333
-92 33385
-92 33437
-92 33489
-93 33542
-92 33594
-91 33647
-90 33699
-91 33751
-92 33803
-92 33855
-92 33907
-92 33959
-92 34011
-92 34072
-92 34137
-92 34189
-92 34241
-92 34293
-91 34348
-92 34400
-92 34452
-92 34504
-92 34556
-92 34611
-92 34663
-92 34715
-92 34767
-92 34821
-92 34873
-92 34925
-93 34978
-92 35030
-92 35082
-92 35134
-92 35186
-92 35239
-92 35291
-92 35345
-92 35398
-91 35450
-92 35502
-92 35554
-92 35609
-92 35661
-92 35713
-92 35765
-92 35818
-92 35873
-92 35925
-92 35977
-92 36029
-92 36081
-92 36139
-92 36200
-92 36252
-92 36304
-92 36357
-92 36410
-92 36462
-92 36514
-92 36566
-92 36618
-92 36670
-92 36722
-92 36774
-92 36827
-92 36881
-92 36933
-92 36986
-93 37038
-92 37090
-92 37145
-92 37197
-92 37249
-92 37301
-92 37353
-92 37408
-92 37460
-92 37513
-92 37565
-92 37617
-91 37669
-93 37721
-92 37774
-92 37826
-92 37878
-92 37933
-92 37985
-91 38037
-93 38090
-92 38142
-92 38197
-92 38249
-92 38301
-92 38353
-92 38406
-92 38458
-92 38510
-92 38562
-93 38614
-92 38666
-92 38718
-92 38771
-92 38823
-92 38875
-92 38930
-92 38982
-92 39034
-92 39086
-92 39138
-92 39199
-92 39260
-92 39313
-92 39365
-92 39417
-92 39472
-92 39524
-92 39576
-92 39628
-92 39683
-92 39735
-93 39788
-60 39840
-59 39892
-59 39944
-61 39996
-58 40049
-60 40101
-59 40153
-61 40205
-61 40257
-91 40309
-92 40361
-92 40413
-92 40468
-92 40520
-92 40572
-92 40624
-93 40677
-91 40731
-93 40784
-92 40836
-91 40888
-92 40940
-92 40995
-92 41047
-91 41099
-92 41151
-92 41203
-92 41258
-92 41310
-92 41362
-92 41414
-92 41466
-91 41521
-92 41573
-92 41625
-92 41677
-92 41731
-92 41783
-92 41835
-92 41888
-92 41940
-93 41992
-92 42044
-92 42096
-91 42148
-92 42200
-92 42257
-91 42318
-92 42371
-92 42423
-93 42475
-92 42529
-92 42581
-92 42633
-93 42686
-92 42738
-92 42790
-92 42842
-92 42894
-92 42946
-92 42998
-92 43053
-91 43105
-92 43157
-92 43209
-92 43261
-92 43316
-92 43368
-92 43420
-92 43472
-92 43526
-92 43578
-92 43630
-92 43682
-92 43734
-92 43786
-92 43838
-92 43890
-92 43942
-93 43994
-93 44049
-92 44101
-92 44153
-92 44206
-92 44258
-92 44312
-92 44365
-92 44417
-92 44469
-92 44521
-92 44576
-92 44628
-93 44680
-92 44732
-92 44785
-92 44837
-92 44889
-92 44941
-92 44993
-92 45045
-92 45100
-92 45152
-92 45204
-92 45256
-92 45308
-93 45369
-92 45430
-91 45482
-92 45534
-92 45589
-91 45641
-93 45693
-92 45745
-91 45798
-92 45852
-92 45905
-92 45957
-92 46009
-92 46061
-92 46115
-92 46167
-92 46219
-91 46272
-92 46324
-92 46378
-92 46431
-92 46483
-92 46535
-92 46587
-92 46642
-91 46694
-92 46746
-92 46798
-92 46853
-93 46905
-92 46957
-92 47009
-92 47061
-92 47113
-92 47166
-92 47218
-92 47270
-92 47322
-92 47377
-92 47429
-92 47481
-92 47534
-92 47586
-92 47641
-92 47693
-91 47745
-92 47797
-92 47849
-92 47904
-92 47957
-92 48009
-92 48061
-93 48113
-93 48165
-92 48217
-91 48269
-91 48321
-90 48373
-92 48434
-92 48495
-93 48547
-92 48599
-92 48651
-92 48703
-92 48755
-92 48808
-92 48860
-92 48914
-92 48966
-92 49018
-92 49071
-92 49123
-92 49178
-92 49230
-92 49282
-91 49334
-92 49386
-92 49441
-92 49493
-92 49545
-92 49597
-92 49650
-92 49702
-91 49754
-92 49806
-92 49858
-92 49910
-92 49965
-92 50018
-92 50070
-93 50122
-92 50174
-92 50229
-92 50281
-93 50333
-92 50386
-92 50438
-92 50490
-92 50543
-92 50595
-93 50647
-92 50699
-89 50752
-92 50804
-93 50856
-92 50908
-92 50963
-92 51015
-93 51068
-92 51120
-92 51173
-92 51228
-92 51280
-92 51332
-92 51384
-92 51436
-92 51496
-92 51557
-92 51609
-92 51661
-92 51716
-92 51768
-92 51820
-92 51872
-93 51924
-92 51976
-92 52029
-92 52081
-92 52133
-91 52185
-92 52237
-92 52289
-92 52341
-91 52393
-92 52445
-92 52500
-92 52552
-82 52604
-92 52656
-92 52708
-92 52763
-92 52815
-92 52867
-92 52919
-92 52971
-92 53026
-92 53078
-92 53130
-92 53182
-92 53234
-92 53287
-92 53339
-91 53391
-92 53443
-92 53495
-92 53550
-92 53602
-93 53654
-92 53706
-92 53759
-93 53813
-91 53866
-92 53918
-92 53970
-92 54022
-92 54074
-92 54127
-92 54179
-92 54231
-92 54283
-92 54335
-92 54387
-92 54440
-92 54492
-92 54552
-92 54614
-92 54666
-93 54718
-92 54770
-92 54823
-92 54875
-92 54927
-92 54979
-92 55031
-92 55086
-92 55138
-92 55191
-92 55243
-92 55295
-92 55350
-92 55402
-91 55454
-92 55506
-92 55559
-92 55611
-92 55663
-92 55715
-90 55768
-92 55820
-92 55872
-93 55924
-92 55976
-92 56029
-92 56084
-91 56136
-93 56188
-92 56240
-92 56292
-92 56347
-93 56399
-92 56451
-92 56503
-92 56555
-92 56610
-92 56662
-92 56714
-92 56767
-92 56819
-92 56874
-92 56926
-92 56978
-92 57030
-93 57082
-92 57137
-92 57189
-92 57241
-92 57293
-92 57348
-92 57401
-92 57453
-92 57505
-92 57557
-92 57615
-92 57676
-92 57728
-91 57781
-91 57833
-92 57887
-92 57940
-92 57992
-92 58044
-92 58096
-92 58148
-92 58200
-91 58253
-92 58305
-92 58357
-92 58412
-92 58464
-92 58516
-92 58568
-92 58620
-92 58675
-92 58728
-93 58780
-92 58832
-92 58885
-92 58937
-92 58989
-92 59042
-92 59094
-92 59146
-92 59198
-91 59251
-92 59303
-92 59355
-92 59410
-92 59462
-92 59514
-92 59567
-92 59619
-92 59674
-92 59726
-92 59778
-92 59830
-92 59883
-92 59938
-92 59990
-92 60042
-92 60094
-92 60147
-92 60202
-92 60254
-92 60306
-92 60358
-92 60410
-92 60465
-92 60518
-92 60570
-92 60622
-92 60683
-92 60744
-92 60797
-92 60849
-92 60901
-92 60956
-92 61008
-92 61060
-92 61113
-92 61165
-93 61219
-92 61272
-92 61324
-92 61376
-92 61429
-92 61484
-92 61536
-92 61588
-92 61640
-92 61692
-91 61747
-91 61799
-92 61851
-92 61903
-92 61957
-92 62009
-92 62062
-91 62114
-92 62166
-92 62218
-92 62270
-92 62323
-92 62375
-91 62427
-92 62482
-92 62534
-92 62586
-92 62638
-92 62691
-92 62746
-92 62798
-93 62850
-92 62902
-91 62954
-93 63009
-92 63062
-92 63114
-92 63166
-92 63218
-92 63271
-92 63323
-92 63376
-92 63428
-92 63480
-92 63535
-92 63587
-92 63640
-92 63692
-92 63747
-92 63805
-92 63866
-92 63919
-92 63971
-92 64026
-93 64078
-92 64130
-93 64182
-92 64234
-92 64289
-92 64341
-92 64393
-92 64445
-92 64497
-92 64549
-92 64601
-92 64653
-92 64705
-91 64757
-92 64812
-92 64864
-92 64916
-92 64968
-92 65020
-92 65074
-92 65127
-92 65179
-92 65231
-92 65285
-92 65337
-92 65389
-92 65441
-92 65493
-92 13
-92 47
-92 82
-92 117
-92 157
-92 198
-91 238
-91 280
-92 320
-92 361
-92 401
-92 442
-92 482
-92 525
-92 566
-92 606
-92 647
-92 687
-92 728
-91 771
-92 811
-92 852
-93 892
-92 933
-92 974
-92 1014
-93 1063
-92 1109
-92 1155
-93 1202
-92 1248
-92 1304
-92 1371
-91 1417
-92 1463
-92 1509
-92 1558
-91 1605
-92 1651
-93 1697
-92 1743
-92 1789
-92 1838
-92 1884
-92 1931
-92 1977
-92 2023
-92 2072
-92 2118
-92 2165
-92 2211
-92 2257
-91 2303
-91 2352
-92 2399
-92 2445
-92 2491
-92 2538
-93 2587
-92 2633
-92 2679
-92 2725
-92 2771
-92 2820
-92 2867
-92 2913
-92 2959
-92 3005
-92 3052
-92 3101
-92 3147
-92 3193
-92 3240
-92 3286
-92 3333
-92 3379
-92 3426
-92 3472
-92 3518
-92 3565
-92 3613
-93 3660
-92 3706
-92 3752
-92 3799
-93 3846
-92 3892
-92 3938
-92 3985
-91 4031
-92 4077
-92 4125
-92 4172
-92 4218
-92 4264
-92 4310
-92 4364
-92 4420
-92 4466
-93 4512
-92 4559
-92 4605
-92 4654
-92 4700
-92 4747
-91 4793
-92 4839
-92 4888
-92 4934
-92 4981
-92 5027
-92 5073
-92 5123
-93 5169
-92 5215
-93 5261
-92 5307
-92 5354
-92 5403
-92 5449
-91 5495
-92 5542
-92 5588
-92 5637
-91 5683
-92 5729
-92 5776
-92 5822
-92 5868
-92 5917
-91 5964
-92 6010
-92 6056
-92 6103
-92 6150
-92 6196
-92 6243
-92 6289
-92 6335
-92 6382
-92 6430
-92 6476
-92 6522
-92 6568
-92 6614
-92 6662
-92 6708
-92 6754
-92 6800
-92 6847
-92 6893
-92 6941
-92 6988
-92 7034
-92 7080
-92 7127
-92 7174
-92 7220
-92 7267
-61 7313
-58 7359
-61 7406
-58 7459
-60 7515
-59 7561
-59 7608
-59 7654
-58 7703
-59 7749
-92 7796
-92 7842
-92 7888
-92 7935
-92 7984
-92 8030
-92 8076
-93 8123
-92 8169
-92 8218
-92 8264
-92 8310
-92 8357
-92 8403
-91 8452
-91 8498
-92 8544
-92 8591
-91 8637
-91 8684
-92 8733
-91 8779
-92 8825
-91 8872
-93 8918
-92 8965
-91 9012
-92 9058
-92 9104
-92 9151
-92 9197
-92 9246
-93 9292
-92 9338
-92 9385
-92 9431
-92 9478
-92 9525
-92 9571
-92 9618
-92 9664
-92 9710
-92 9757
-92 9804
-91 9850
-92 9897
-91 9943
-92 9990
-92 10037
-92 10089
-92 10141
-92 10193
-92 10246
-92 10298
-92 10350
-93 10402
-92 10453
-92 10511
-92 10572
-91 10624
-92 10676
-92 10728
-92 10782
-92 10834
-92 10886
-92 10938
-92 10990
-92 11043
-92 11095
-92 11147
-92 11199
-92 11251
-92 11306
-92 11358
-92 11410
-92 11462
-92 11514
-92 11569
-92 11621
-92 11673
-92 11725
-92 11780
-92 11832
-92 11884
-92 11936
-92 11988
-91 12040
-92 12092
-92 12144
-92 12197
-92 12249
-92 12301
-92 12353
-92 12405
-92 12457
-92 12509
-92 12564
-92 12616
-92 12668
-92 12720
-92 12772
-92 12827
-92 12879
-92 12930
-92 12982
-92 13034
-92 13089
-92 13141
-88 13193
-92 13245
-92 13297
-92 13349
-92 13401
-92 13453
-93 13505
-92 13557
-92 13617
-92 13678
-94 13730
-93 13782
-92 13834
-92 13886
-92 13938
-92 13990
-92 14043
-92 14097
-92 14149
-92 14201
-92 14253
-92 14305
-92 14360
-92 14412
-92 14464
-92 14516
-92 14568
-92 14623
-92 14675
-92 14727
-92 14779
-92 14831
-92 14884
-92 14936
-92 14988
-89 15040
-93 15092
-92 15147
-92 15199
-91 15251
-92 15303
-92 15355
-92 15410
-92 15462
-92 15514
-92 15566
-92 15621
-92 15673
-91 15725
-92 15777
-92 15829
-92 15881
-92 15933
-92 15986
-92 16038
-92 16090
-93 16142
-92 16194
-92 16245
-92 16297
-92 16349
-92 16404
-92 16456
-92 16508
-92 16560
-92 16612
-92 16672
-92 16733
-92 16785
-92 16837
-92 16889
-92 16944
-92 16996
-91 17048
-92 17100
-92 17155
-92 17207
-92 17259
-91 17311
-92 17363
-92 17415
-92 17467
-92 17519
-92 17571
-93 17623
-92 17675
-92 17727
-92 17779
-92 17831
-92 17883
-92 17938
-92 17990
-91 18042
-91 18094
-92 18146
-92 18201
-92 18253
-92 18305
-92 18357
-92 18409
-92 18464
-92 18516
-92 18568
-92 18620
-93 18672
-92 18724
-92 18776
-92 18828
-92 18881
-92 18933
-92 18987
-92 19039
-91 19092
-92 19144
-92 19196
-91 19251
-92 19303
-92 19355
-92 19407
-90 19461
-92 19513
-93 19565
-92 19617
-91 19669
-92 19727
-92 19788
-92 19840
-92 19892
-92 19944
-92 19999
-92 20051
-92 20103
-92 20156
-92 20208
-92 20260
-92 20312
-92 20364
-92 20417
-92 20469
-93 20523
-92 20575
-92 20627
-92 20679
-92 20731
-92 20786
-92 20838
-92 20890
-92 20942
-92 20997
-92 21049
-92 21101
-92 21153
-92 21205
-92 21257
-92 21309
-92 21361
-92 21413
-92 21465
-92 21517
-92 21569
-92 21621
-92 21673
-92 21725
-92 21780
-92 21832
-92 21884
-92 21936
-92 21988
-92 22042
-92 22095
-92 22147
-92 22199
-92 22251
-92 22306
-92 22358
-92 22410
-92 22462
-92 22514
-92 22566
-92 22618
-92 22670
-92 22722
-92 22774
-92 22835
-91 22896
-91 22948
-92 23000
-93 23052
-92 23104
-92 23157
-92 23209
-92 23261
-93 23315
-92 23367
-92 23420
-92 23472
-93 23524
-92 23579
-92 23631
-92 23683
-91 23735
-92 23787
-92 23842
-91 23894
-92 23946
-92 23998
-92 24051
-91 24105
-92 24157
-92 24209
-92 24261
-92 24314
-92 24368
-92 24420
-92 24472
-92 24524
-92 24579
-92 24631
-92 24683
-92 24735
-92 24788
-92 24840
-92 24892
-92 24944
-91 24996
-92 25048
-92 25100
-92 25152
-92 25204
-92 25257
-92 25309
-92 25364
-92 25416
-92 25468
-92 25520
-92 25572
-92 25627
-92 25679
-92 25731
-91 25783
-92 25835
-92 25895
-92 25957
-91 26009
-92 26060
-92 26115
-92 26167
-92 26219
-92 26271
-92 26323
-92 26375
-92 26427
-92 26479
-92 26531
-92 26583
-92 26635
-92 26687
-92 26739
-92 26791
-92 26843
-91 26898
-92 26950
-92 27002
-92 27054
-91 27106
-92 27161
-92 27213
-92 27265
-92 27317
-92 27369
-92 27424
-92 27476
-92 27528
-92 27580
-92 27632
-91 27684
-92 27736
-92 27788
-92 27841
-92 27893
-92 27947
-92 28000
-92 28052
-92 28104
-92 28156
-92 28211
-92 28263
-92 28315
-92 28367
-92 28421
-92 28473
-93 28525
-92 28577
-92 28629
-91 28682
-92 28734
-92 28786
-92 28838
-92 28890
-92 28948
-92 29009
-92 29061
-92 29114
-90 29166
-92 29219
-92 29271
-92 29323
-92 29375
-92 29428
-92 29482
-92 29534
-92 29587
-91 29639
-92 29691
-91 29746
-91 29798
-92 29850
-92 29902
-91 29957
-91 30009
-92 30061
-92 30113
-92 30166
-93 30218
-92 30270
-92 30322
-91 30374
-92 30427
-91 30481
-93 30534
-91 30586
-91 30638
-92 30690
-92 30745
-92 30797
-92 30849
-92 30901
-93 30954
-92 31008
-92 31061
-92 31113
-92 31165
-92 31217
-92 31269
-92 31321
-92 31373
-93 31426
-92 31478
-92 31533
-92 31585
-92 31637
-92 31689
-92 31741
-92 31796
-89 31848
-92 31901
-92 31953
-92 32012
-91 32073
-91 32125
-91 32177
-91 32229
-92 32283
-91 32335
-92 32387
-91 32439
-91 32491
-92 32546
-92 32598
-92 32650
-91 32702
-91 32754
-91 32809
-91 32861
-91 32913
-91 32965
-92 33017
-91 33072
-92 33124
-92 33176
-92 33229
-92 33283
-91 33335
-92 33387
-92 33439
-91 33491
-92 33544
-92 33596
-91 33648
-91 33700
-91 33752
-91 33804
-92 33856
-91 33908
-91 33960
-92 34012
-92 34074
-91 34138
-92 34190
-91 34242
-91 34294
-92 34349
-92 34401
-92 34453
-92 34505
-92 34558
-92 34612
-91 34665
-91 34717
-91 34769
-91 34822
-92 34874
-90 34926
-91 34978
-92 35030
-92 35089
-92 35150
-91 35202
-90 35254
-90 35306
-91 35361
-91 35413
-93 35465
-92 35518
-92 35570
-92 35622
-92 35675
-91 35727
-92 35779
-92 35831
-92 35886
-92 35938
-92 35990
-92 36042
-92 36094
-92 36149
-91 36201
-93 36253
-92 36305
-92 36358
-91 36410
-92 36462
-92 36515
-92 36567
-92 36619
-92 36671
-92 36723
-92 36775
-92 36827
-92 36882
-92 36934
-92 36986
-92 37038
-92 37091
-91 37146
-92 37198
-91 37250
-92 37302
-92 37354
-92 37409
-92 37461
-91 37513
-92 37566
-92 37618
-92 37670
-92 37723
-92 37775
-92 37827
-92 37879
-92 37934
-92 37986
-92 38039
-92 38091
-92 38143
-92 38204
-92 38265
-92 38317
-92 38370
-92 38425
-92 38477
-92 38529
-92 38581
-92 38633
-92 38688
-92 38740
-92 38792
-92 38844
-92 38896
-92 38948
-91 39000
-92 39053
-92 39105
-92 39157
-91 39212
-93 39264
-92 39316
-92 39368
-92 39420
-92 39475
-92 39527
-92 39580
-93 39632
-92 39685
-92 39737
-92 39789
-92 39842
-92 39894
-92 39946
-92 39998
-92 40051
-91 40103
-92 40155
-92 40209
-92 40262
-61 40314
-62 40366
-61 40418
-57 40473
-60 40525
-60 40577
-60 40629
-60 40681
-59 40736
-92 40788
-92 40840
-92 40893
-92 40945
-92 40997
-92 41049
-92 41101
-92 41153
-92 41205
-92 41265
-92 41327
-92 41379
-92 41431
-91 41483
-92 41535
-91 41587
-92 41639
-92 41691
-92 41746
-92 41798
-91 41850
-92 41902
-92 41954
-92 42008
-92 42060
-92 42113
-92 42165
-92 42217
-92 42271
-91 42323
-92 42375
-92 42428
-92 42480
-91 42532
-91 42584
-92 42636
-92 42688
-92 42740
-92 42795
-92 42847
-92 42899
-92 42951
-92 43003
-91 43058
-91 43110
-92 43163
-92 43215
-92 43269
-92 43321
-92 43373
-92 43425
-92 43478
-92 43530
-92 43582
-92 43634
-92 43686
-92 43738
-93 43791
-92 43843
-92 43895
-92 43947
-92 43999
-92 44054
-92 44106
-92 44158
-92 44210
-92 44262
-91 44323
-92 44384
-92 44436
-92 44489
-92 44541
-92 44595
-92 44648
-92 44700
-92 44752
-92 44805
-92 44857
-92 44909
-92 44961
-91 45013
-92 45065
-92 45117
-92 45169
-91 45222
-92 45274
-93 45326
-92 45378
-92 45430
-91 45483
-92 45535
-92 45590
-92 45642
-92 45694
-92 45746
-92 45798
-92 45853
-91 45905
-92 45957
-92 46010
-92 46062
-92 46115
-92 46167
-92 46219
-92 46272
-92 46324
-91 46378
-92 46431
-92 46483
-92 46535
-92 46587
-93 46642
-92 46694
-92 46746
-93 46798
-92 46853
-92 46905
-92 46957
-92 47009
-91 47061
-91 47113
-92 47166
-92 47218
-92 47270
-92 47322
-91 47383
-92 47444
-93 47496
-92 47549
-92 47601
-92 47653
-92 47705
-92 47757
-92 47810
-92 47862
-92 47917
-92 47969
-92 48021
-92 48073
-92 48125
-92 48180
-92 48232
-92 48284
-92 48336
-92 48389
-92 48441
-92 48493
-92 48545
-92 48598
-92 48650
-92 48702
-92 48754
-92 48806
-91 48858
-92 48910
-93 48963
-92 49015
-92 49067
-92 49119
-91 49174
-92 49226
-91 49278
-92 49330
-92 49382
-92 49437
-92 49489
-92 49542
-92 49594
-92 49646
-92 49699
-92 49751
-92 49804
-92 49856
-92 49908
-92 49963
-92 50015
-92 50067
-92 50119
-93 50171
-92 50226
-92 50279
-92 50331
-92 50383
-92 50443
-92 50504
-92 50557
-92 50609
-92 50661
-92 50716
-92 50768
-92 50821
-92 50873
-92 50925
-91 50979
-92 51032
-92 51084
-92 51136
-92 51189
-92 51244
-92 51296
-92 51348
-92 51400
-92 51452
-93 51506
-92 51558
-92 51611
-92 51663
-92 51717
-92 51769
-92 51821
-92 51873
-92 51925
-92 51977
-92 52030
-92 52082
-92 52134
-92 52186
-92 52238
-87 52290
-92 52342
-91 52394
-92 52446
-92 52501
-92 52553
-92 52605
-92 52657
-92 52709
-92 52764
-92 52816
-92 52868
-92 52920
-92 52972
-86 53027
-92 53079
-92 53131
-93 53183
-92 53236
-92 53290
-93 53342
-92 53395
-92 53447
-92 53499
-92 53559
-92 53621
-92 53673
-92 53725
-92 53780
-92 53832
-92 53884
-91 53936
-92 53988
-92 54043
-92 54095
-92 54147
-92 54200
-92 54252
-92 54307
-92 54359
-92 54411
-92 54463
-92 54515
-92 54570
-92 54622
-92 54674
-92 54726
-91 54778
-92 54833
-92 54885
-91 54937
-93 54990
-92 55044
-91 55097
-92 55149
-91 55201
-92 55253
-92 55305
-92 55357
-92 55410
-92 55462
-92 55514
-92 55567
-92 55619
-92 55671
-91 55723
-91 55776
-91 55830
-92 55883
-91 55935
-91 55987
-92 56040
-93 56094
-92 56146
-92 56199
-92 56251
-92 56303
-92 56356
-92 56408
-92 56460
-92 56512
-91 56564
-92 56625
-92 56686
-92 56738
-92 56791
-92 56843
-93 56895
-92 56947
-92 56999
-92 57051
-92 57106
-92 57158
-92 57211
-92 57263
-91 57315
-92 57370
-91 57422
-92 57474
-92 57527
-92 57579
-92 57634
-92 57686
-92 57738
-92 57790
-92 57842
-92 57895
-92 57947
-92 57999
-92 58051
-92 58103
-92 58158
-91 58210
-92 58263
-92 58315
-92 58367
-92 58422
-92 58474
-92 58526
-92 58578
-91 58630
-92 58683
-92 58735
-91 58787
-92 58839
-92 58892
-92 58944
-92 58996
-91 59048
-92 59100
-92 59155
-92 59207
-92 59260
-92 59312
-92 59364
-92 59419
-92 59471
-92 59523
-92 59575
-92 59628
-91 59688
-92 59750
-92 59802
-92 59854
-92 59909
-92 59961
-92 60014
-92 60066
-92 60118
-92 60170
-92 60222
-92 60275
-92 60327
-92 60379
-92 60434
-92 60486
-92 60538
-92 60591
-92 60643
-91 60698
-92 60750
-77 60802
-92 60855
-92 60907
-92 60962
-92 61014
-92 61066
-91 61118
-92 61171
-92 61226
-92 61278
-92 61330
-92 61382
-92 61435
-92 61490
-92 61542
-92 61594
-92 61646
-92 61701
-92 61753
-91 61805
-93 61858
-92 61910
-92 61962
-92 62014
-92 62066
-92 62118

