Operation done successfully
98
95
96
74
96
98
17
93
98
96
98
80
98
94
99
99
29
100
79
100
98
98
19
99
100
96
99
81
99
98
99
99
98
99
76
100
100
100
96
99
89
97
99
97
99
92
40
97
10
97
95
97
96
97
99
100
99
96
86
93
99
99
100
99
36
76
98
99
100
72
96
69
76
100
100
99
2
96
80
98
88
98
98
99
99
99
100
97
100
95
99
99
99
94
99
89
100
100
95
99
96
99
90
99
99
97
100
99
98
99
97
99
99
4
96
100
98
99
93
98
99
91
96
98
97
100
86
99
99
95
99
100
96
100
97
98
98
61
90
96
98
77
100
21
10
97
97
68
95
98
77
99
98
99
100
100
43
97
97
100
100
97
100
91
99
82
89
100
100
100
99
98
84
95
99
100
100
57
99
95
99
99
99
100
100
100
100
100
100
100
100
100
100
99
100
100
100
100
100
100
100
100
99
96
100
84
99
99
99
88
99
100
90
42
100
99
56
89
95
98
100
94
84
94
96
84
100
100
77
93
98
98
98
98
85
99
29
97
97
99
70
90
84
82
100
81
96
97
99
100
96
98
82
100
100
100
94
100
100
94
100
96
98
